Y=0 dirX=1.000000 dirY=0.000000 dirZ=-0.000000
Y=3 dirX=0.992085 dirY=-0.125570 dirZ=-0.000000
Y=5 dirX=0.973212 dirY=-0.229911 dirZ=0.000000
Y=7 dirX=1.000000 dirY=0.000000 dirZ=0.000000
